{
  "nbformat": 4,
  "nbformat_minor": 0,
  "metadata": {
    "colab": {
      "provenance": [],
      "authorship_tag": "ABX9TyPk6DIn8rs+KVNjlGojDaIq",
      "include_colab_link": true
    },
    "kernelspec": {
      "name": "python3",
      "display_name": "Python 3"
    },
    "language_info": {
      "name": "python"
    }
  },
  "cells": [
    {
      "cell_type": "markdown",
      "metadata": {
        "id": "view-in-github",
        "colab_type": "text"
      },
      "source": [
        "<a href=\"https://colab.research.google.com/github/Mr-RAKSHIT-2004-GUPTA/Rigression/blob/main/LR_multiclass_classification.ipynb\" target=\"_parent\"><img src=\"https://colab.research.google.com/assets/colab-badge.svg\" alt=\"Open In Colab\"/></a>"
      ]
    },
    {
      "cell_type": "code",
      "execution_count": 9,
      "metadata": {
        "id": "NTugcZF-p1Q1"
      },
      "outputs": [],
      "source": [
        "from sklearn.datasets import make_classification\n",
        "from sklearn.model_selection import train_test_split\n",
        "from sklearn.linear_model import LogisticRegression\n",
        "from sklearn.metrics import accuracy_score\n",
        "X , y = make_classification(n_samples = 1000 , n_features = 10 , n_informative = 5 ,n_classes = 3 ,n_redundant  = 2)"
      ]
    },
    {
      "cell_type": "code",
      "source": [
        "y"
      ],
      "metadata": {
        "colab": {
          "base_uri": "https://localhost:8080/"
        },
        "id": "OiYpWrZ5sUSu",
        "outputId": "a0075124-7a31-4d2b-fed9-da7508bb32c1"
      },
      "execution_count": 10,
      "outputs": [
        {
          "output_type": "execute_result",
          "data": {
            "text/plain": [
              "array([1, 2, 0, 1, 1, 0, 1, 2, 2, 1, 0, 0, 1, 2, 1, 2, 1, 0, 2, 2, 1, 1,\n",
              "       2, 0, 1, 2, 2, 0, 0, 2, 0, 1, 0, 1, 0, 2, 1, 1, 2, 0, 0, 2, 0, 2,\n",
              "       2, 2, 0, 2, 1, 0, 0, 1, 0, 0, 2, 0, 2, 0, 0, 0, 0, 2, 0, 0, 0, 1,\n",
              "       2, 2, 1, 1, 0, 1, 2, 2, 1, 0, 0, 1, 2, 1, 2, 2, 0, 0, 2, 1, 1, 0,\n",
              "       1, 0, 2, 1, 1, 0, 1, 1, 0, 1, 0, 1, 2, 0, 0, 0, 2, 1, 2, 2, 0, 1,\n",
              "       0, 0, 0, 0, 0, 1, 0, 0, 2, 1, 1, 1, 2, 1, 1, 2, 0, 2, 2, 0, 0, 0,\n",
              "       2, 0, 1, 1, 2, 0, 0, 2, 2, 1, 0, 0, 0, 2, 2, 1, 0, 2, 0, 1, 0, 0,\n",
              "       0, 1, 0, 2, 0, 0, 0, 2, 1, 2, 1, 0, 0, 1, 1, 1, 2, 1, 0, 1, 1, 2,\n",
              "       1, 0, 2, 1, 2, 1, 1, 2, 0, 1, 1, 2, 1, 0, 2, 1, 2, 2, 1, 1, 0, 2,\n",
              "       2, 2, 0, 1, 1, 0, 2, 1, 0, 2, 0, 1, 0, 0, 1, 2, 0, 2, 1, 1, 1, 1,\n",
              "       1, 0, 2, 1, 2, 1, 2, 1, 2, 1, 2, 0, 1, 2, 1, 1, 0, 0, 1, 1, 1, 0,\n",
              "       1, 1, 2, 2, 2, 1, 2, 1, 0, 2, 1, 1, 1, 1, 0, 2, 0, 0, 2, 2, 0, 0,\n",
              "       1, 1, 1, 1, 0, 2, 2, 2, 1, 0, 2, 2, 1, 2, 2, 0, 2, 0, 2, 2, 0, 2,\n",
              "       0, 1, 0, 2, 1, 1, 2, 1, 2, 2, 1, 0, 2, 1, 2, 2, 1, 0, 2, 2, 2, 2,\n",
              "       0, 2, 2, 2, 0, 2, 2, 1, 0, 0, 2, 2, 2, 1, 2, 2, 1, 2, 1, 1, 0, 2,\n",
              "       1, 1, 0, 0, 2, 0, 1, 2, 1, 1, 1, 2, 1, 0, 2, 2, 1, 1, 1, 0, 0, 1,\n",
              "       2, 1, 1, 0, 2, 2, 1, 2, 2, 2, 2, 1, 0, 1, 2, 0, 0, 0, 0, 0, 2, 1,\n",
              "       0, 2, 1, 2, 2, 1, 1, 2, 0, 0, 2, 1, 1, 1, 1, 1, 2, 1, 1, 0, 0, 2,\n",
              "       2, 2, 2, 1, 2, 2, 1, 0, 0, 2, 1, 2, 1, 1, 2, 0, 1, 0, 0, 0, 0, 2,\n",
              "       0, 1, 2, 1, 2, 1, 2, 1, 0, 0, 2, 0, 0, 0, 0, 1, 2, 0, 2, 1, 1, 1,\n",
              "       1, 1, 2, 0, 1, 2, 2, 0, 1, 2, 0, 0, 0, 1, 1, 2, 0, 2, 2, 0, 0, 1,\n",
              "       0, 1, 0, 1, 2, 1, 0, 1, 0, 0, 2, 0, 1, 1, 1, 0, 1, 0, 0, 0, 1, 0,\n",
              "       1, 0, 1, 1, 2, 0, 2, 2, 1, 2, 1, 0, 0, 2, 0, 0, 1, 2, 0, 0, 0, 0,\n",
              "       1, 0, 0, 0, 0, 1, 1, 0, 1, 0, 0, 2, 1, 2, 2, 2, 0, 0, 2, 0, 0, 0,\n",
              "       0, 0, 1, 0, 0, 0, 2, 0, 2, 0, 2, 0, 2, 0, 0, 2, 2, 2, 1, 2, 0, 1,\n",
              "       1, 1, 0, 0, 0, 2, 1, 2, 2, 2, 1, 1, 0, 2, 2, 0, 1, 0, 2, 0, 1, 1,\n",
              "       0, 1, 2, 1, 0, 0, 1, 2, 1, 0, 0, 0, 1, 2, 2, 2, 0, 1, 2, 1, 0, 1,\n",
              "       2, 0, 1, 2, 1, 2, 2, 1, 1, 1, 1, 1, 2, 1, 2, 0, 2, 1, 2, 2, 1, 0,\n",
              "       1, 0, 2, 0, 1, 2, 2, 0, 0, 1, 1, 1, 1, 0, 2, 2, 2, 2, 2, 0, 1, 0,\n",
              "       2, 1, 2, 0, 1, 1, 0, 2, 1, 0, 1, 1, 2, 0, 2, 1, 1, 1, 0, 0, 2, 0,\n",
              "       0, 2, 1, 1, 2, 2, 2, 1, 1, 2, 1, 1, 0, 1, 0, 2, 0, 2, 2, 2, 1, 0,\n",
              "       0, 2, 2, 2, 0, 0, 2, 2, 0, 0, 1, 2, 2, 0, 1, 2, 0, 1, 0, 1, 1, 1,\n",
              "       1, 1, 0, 1, 1, 2, 0, 2, 1, 0, 1, 0, 0, 1, 2, 2, 2, 2, 0, 2, 0, 0,\n",
              "       1, 1, 1, 0, 2, 2, 1, 0, 0, 0, 2, 0, 1, 0, 1, 0, 0, 2, 2, 1, 2, 1,\n",
              "       0, 1, 1, 1, 2, 1, 1, 0, 2, 1, 2, 1, 0, 1, 2, 2, 1, 0, 0, 1, 0, 0,\n",
              "       0, 2, 1, 2, 2, 2, 1, 0, 1, 0, 1, 2, 2, 1, 1, 0, 1, 2, 1, 2, 0, 1,\n",
              "       0, 1, 1, 2, 2, 1, 0, 2, 2, 2, 1, 0, 0, 0, 1, 0, 1, 2, 0, 1, 2, 1,\n",
              "       2, 2, 2, 2, 2, 0, 1, 2, 2, 0, 2, 2, 1, 2, 0, 2, 0, 2, 2, 1, 0, 0,\n",
              "       2, 2, 1, 0, 1, 2, 2, 1, 2, 0, 0, 2, 0, 0, 2, 1, 2, 2, 2, 0, 0, 1,\n",
              "       1, 0, 2, 1, 0, 2, 2, 1, 1, 2, 0, 2, 0, 2, 2, 2, 0, 0, 1, 0, 2, 1,\n",
              "       0, 1, 0, 1, 2, 2, 1, 2, 1, 0, 2, 1, 0, 2, 0, 1, 0, 2, 0, 1, 1, 2,\n",
              "       2, 1, 0, 1, 2, 1, 2, 1, 0, 2, 0, 1, 2, 0, 2, 0, 0, 2, 0, 0, 0, 2,\n",
              "       1, 0, 1, 2, 0, 1, 2, 0, 0, 1, 1, 1, 2, 2, 1, 1, 1, 0, 0, 0, 0, 1,\n",
              "       2, 0, 0, 2, 2, 2, 1, 0, 1, 0, 2, 0, 0, 2, 0, 1, 0, 2, 1, 0, 1, 2,\n",
              "       2, 2, 0, 2, 1, 0, 1, 0, 1, 0, 2, 2, 2, 1, 1, 0, 1, 2, 2, 2, 1, 0,\n",
              "       0, 1, 1, 1, 0, 2, 0, 1, 2, 0])"
            ]
          },
          "metadata": {},
          "execution_count": 10
        }
      ]
    },
    {
      "cell_type": "markdown",
      "source": [
        "multiclasss problem\n",
        "\n",
        "ovr\n",
        "\n",
        "multinomial"
      ],
      "metadata": {
        "id": "nCVgKS8_vb4d"
      }
    },
    {
      "cell_type": "code",
      "source": [
        "#ovr\n",
        "model = LogisticRegression(multi_class = 'ovr' , solver = 'lbfgs')"
      ],
      "metadata": {
        "id": "4A1U63XpvI5w"
      },
      "execution_count": 15,
      "outputs": []
    },
    {
      "cell_type": "code",
      "source": [
        "X_train , X_test , y_train , y_test = train_test_split(X,y,test_size = 0.3,random_state = 42)"
      ],
      "metadata": {
        "id": "jTctxcjVvz6i"
      },
      "execution_count": 11,
      "outputs": []
    },
    {
      "cell_type": "code",
      "source": [
        "model.fit(X_train,y_train)"
      ],
      "metadata": {
        "colab": {
          "base_uri": "https://localhost:8080/",
          "height": 135
        },
        "id": "zrFy18ftv_y1",
        "outputId": "1b04bbdc-afd5-4d1c-de64-6d57b5df47b0"
      },
      "execution_count": 16,
      "outputs": [
        {
          "output_type": "stream",
          "name": "stderr",
          "text": [
            "/usr/local/lib/python3.10/dist-packages/sklearn/linear_model/_logistic.py:1256: FutureWarning: 'multi_class' was deprecated in version 1.5 and will be removed in 1.7. Use OneVsRestClassifier(LogisticRegression(..)) instead. Leave it to its default value to avoid this warning.\n",
            "  warnings.warn(\n"
          ]
        },
        {
          "output_type": "execute_result",
          "data": {
            "text/plain": [
              "LogisticRegression(multi_class='ovr')"
            ],
            "text/html": [
              "<style>#sk-container-id-2 {\n",
              "  /* Definition of color scheme common for light and dark mode */\n",
              "  --sklearn-color-text: black;\n",
              "  --sklearn-color-line: gray;\n",
              "  /* Definition of color scheme for unfitted estimators */\n",
              "  --sklearn-color-unfitted-level-0: #fff5e6;\n",
              "  --sklearn-color-unfitted-level-1: #f6e4d2;\n",
              "  --sklearn-color-unfitted-level-2: #ffe0b3;\n",
              "  --sklearn-color-unfitted-level-3: chocolate;\n",
              "  /* Definition of color scheme for fitted estimators */\n",
              "  --sklearn-color-fitted-level-0: #f0f8ff;\n",
              "  --sklearn-color-fitted-level-1: #d4ebff;\n",
              "  --sklearn-color-fitted-level-2: #b3dbfd;\n",
              "  --sklearn-color-fitted-level-3: cornflowerblue;\n",
              "\n",
              "  /* Specific color for light theme */\n",
              "  --sklearn-color-text-on-default-background: var(--sg-text-color, var(--theme-code-foreground, var(--jp-content-font-color1, black)));\n",
              "  --sklearn-color-background: var(--sg-background-color, var(--theme-background, var(--jp-layout-color0, white)));\n",
              "  --sklearn-color-border-box: var(--sg-text-color, var(--theme-code-foreground, var(--jp-content-font-color1, black)));\n",
              "  --sklearn-color-icon: #696969;\n",
              "\n",
              "  @media (prefers-color-scheme: dark) {\n",
              "    /* Redefinition of color scheme for dark theme */\n",
              "    --sklearn-color-text-on-default-background: var(--sg-text-color, var(--theme-code-foreground, var(--jp-content-font-color1, white)));\n",
              "    --sklearn-color-background: var(--sg-background-color, var(--theme-background, var(--jp-layout-color0, #111)));\n",
              "    --sklearn-color-border-box: var(--sg-text-color, var(--theme-code-foreground, var(--jp-content-font-color1, white)));\n",
              "    --sklearn-color-icon: #878787;\n",
              "  }\n",
              "}\n",
              "\n",
              "#sk-container-id-2 {\n",
              "  color: var(--sklearn-color-text);\n",
              "}\n",
              "\n",
              "#sk-container-id-2 pre {\n",
              "  padding: 0;\n",
              "}\n",
              "\n",
              "#sk-container-id-2 input.sk-hidden--visually {\n",
              "  border: 0;\n",
              "  clip: rect(1px 1px 1px 1px);\n",
              "  clip: rect(1px, 1px, 1px, 1px);\n",
              "  height: 1px;\n",
              "  margin: -1px;\n",
              "  overflow: hidden;\n",
              "  padding: 0;\n",
              "  position: absolute;\n",
              "  width: 1px;\n",
              "}\n",
              "\n",
              "#sk-container-id-2 div.sk-dashed-wrapped {\n",
              "  border: 1px dashed var(--sklearn-color-line);\n",
              "  margin: 0 0.4em 0.5em 0.4em;\n",
              "  box-sizing: border-box;\n",
              "  padding-bottom: 0.4em;\n",
              "  background-color: var(--sklearn-color-background);\n",
              "}\n",
              "\n",
              "#sk-container-id-2 div.sk-container {\n",
              "  /* jupyter's `normalize.less` sets `[hidden] { display: none; }`\n",
              "     but bootstrap.min.css set `[hidden] { display: none !important; }`\n",
              "     so we also need the `!important` here to be able to override the\n",
              "     default hidden behavior on the sphinx rendered scikit-learn.org.\n",
              "     See: https://github.com/scikit-learn/scikit-learn/issues/21755 */\n",
              "  display: inline-block !important;\n",
              "  position: relative;\n",
              "}\n",
              "\n",
              "#sk-container-id-2 div.sk-text-repr-fallback {\n",
              "  display: none;\n",
              "}\n",
              "\n",
              "div.sk-parallel-item,\n",
              "div.sk-serial,\n",
              "div.sk-item {\n",
              "  /* draw centered vertical line to link estimators */\n",
              "  background-image: linear-gradient(var(--sklearn-color-text-on-default-background), var(--sklearn-color-text-on-default-background));\n",
              "  background-size: 2px 100%;\n",
              "  background-repeat: no-repeat;\n",
              "  background-position: center center;\n",
              "}\n",
              "\n",
              "/* Parallel-specific style estimator block */\n",
              "\n",
              "#sk-container-id-2 div.sk-parallel-item::after {\n",
              "  content: \"\";\n",
              "  width: 100%;\n",
              "  border-bottom: 2px solid var(--sklearn-color-text-on-default-background);\n",
              "  flex-grow: 1;\n",
              "}\n",
              "\n",
              "#sk-container-id-2 div.sk-parallel {\n",
              "  display: flex;\n",
              "  align-items: stretch;\n",
              "  justify-content: center;\n",
              "  background-color: var(--sklearn-color-background);\n",
              "  position: relative;\n",
              "}\n",
              "\n",
              "#sk-container-id-2 div.sk-parallel-item {\n",
              "  display: flex;\n",
              "  flex-direction: column;\n",
              "}\n",
              "\n",
              "#sk-container-id-2 div.sk-parallel-item:first-child::after {\n",
              "  align-self: flex-end;\n",
              "  width: 50%;\n",
              "}\n",
              "\n",
              "#sk-container-id-2 div.sk-parallel-item:last-child::after {\n",
              "  align-self: flex-start;\n",
              "  width: 50%;\n",
              "}\n",
              "\n",
              "#sk-container-id-2 div.sk-parallel-item:only-child::after {\n",
              "  width: 0;\n",
              "}\n",
              "\n",
              "/* Serial-specific style estimator block */\n",
              "\n",
              "#sk-container-id-2 div.sk-serial {\n",
              "  display: flex;\n",
              "  flex-direction: column;\n",
              "  align-items: center;\n",
              "  background-color: var(--sklearn-color-background);\n",
              "  padding-right: 1em;\n",
              "  padding-left: 1em;\n",
              "}\n",
              "\n",
              "\n",
              "/* Toggleable style: style used for estimator/Pipeline/ColumnTransformer box that is\n",
              "clickable and can be expanded/collapsed.\n",
              "- Pipeline and ColumnTransformer use this feature and define the default style\n",
              "- Estimators will overwrite some part of the style using the `sk-estimator` class\n",
              "*/\n",
              "\n",
              "/* Pipeline and ColumnTransformer style (default) */\n",
              "\n",
              "#sk-container-id-2 div.sk-toggleable {\n",
              "  /* Default theme specific background. It is overwritten whether we have a\n",
              "  specific estimator or a Pipeline/ColumnTransformer */\n",
              "  background-color: var(--sklearn-color-background);\n",
              "}\n",
              "\n",
              "/* Toggleable label */\n",
              "#sk-container-id-2 label.sk-toggleable__label {\n",
              "  cursor: pointer;\n",
              "  display: block;\n",
              "  width: 100%;\n",
              "  margin-bottom: 0;\n",
              "  padding: 0.5em;\n",
              "  box-sizing: border-box;\n",
              "  text-align: center;\n",
              "}\n",
              "\n",
              "#sk-container-id-2 label.sk-toggleable__label-arrow:before {\n",
              "  /* Arrow on the left of the label */\n",
              "  content: \"▸\";\n",
              "  float: left;\n",
              "  margin-right: 0.25em;\n",
              "  color: var(--sklearn-color-icon);\n",
              "}\n",
              "\n",
              "#sk-container-id-2 label.sk-toggleable__label-arrow:hover:before {\n",
              "  color: var(--sklearn-color-text);\n",
              "}\n",
              "\n",
              "/* Toggleable content - dropdown */\n",
              "\n",
              "#sk-container-id-2 div.sk-toggleable__content {\n",
              "  max-height: 0;\n",
              "  max-width: 0;\n",
              "  overflow: hidden;\n",
              "  text-align: left;\n",
              "  /* unfitted */\n",
              "  background-color: var(--sklearn-color-unfitted-level-0);\n",
              "}\n",
              "\n",
              "#sk-container-id-2 div.sk-toggleable__content.fitted {\n",
              "  /* fitted */\n",
              "  background-color: var(--sklearn-color-fitted-level-0);\n",
              "}\n",
              "\n",
              "#sk-container-id-2 div.sk-toggleable__content pre {\n",
              "  margin: 0.2em;\n",
              "  border-radius: 0.25em;\n",
              "  color: var(--sklearn-color-text);\n",
              "  /* unfitted */\n",
              "  background-color: var(--sklearn-color-unfitted-level-0);\n",
              "}\n",
              "\n",
              "#sk-container-id-2 div.sk-toggleable__content.fitted pre {\n",
              "  /* unfitted */\n",
              "  background-color: var(--sklearn-color-fitted-level-0);\n",
              "}\n",
              "\n",
              "#sk-container-id-2 input.sk-toggleable__control:checked~div.sk-toggleable__content {\n",
              "  /* Expand drop-down */\n",
              "  max-height: 200px;\n",
              "  max-width: 100%;\n",
              "  overflow: auto;\n",
              "}\n",
              "\n",
              "#sk-container-id-2 input.sk-toggleable__control:checked~label.sk-toggleable__label-arrow:before {\n",
              "  content: \"▾\";\n",
              "}\n",
              "\n",
              "/* Pipeline/ColumnTransformer-specific style */\n",
              "\n",
              "#sk-container-id-2 div.sk-label input.sk-toggleable__control:checked~label.sk-toggleable__label {\n",
              "  color: var(--sklearn-color-text);\n",
              "  background-color: var(--sklearn-color-unfitted-level-2);\n",
              "}\n",
              "\n",
              "#sk-container-id-2 div.sk-label.fitted input.sk-toggleable__control:checked~label.sk-toggleable__label {\n",
              "  background-color: var(--sklearn-color-fitted-level-2);\n",
              "}\n",
              "\n",
              "/* Estimator-specific style */\n",
              "\n",
              "/* Colorize estimator box */\n",
              "#sk-container-id-2 div.sk-estimator input.sk-toggleable__control:checked~label.sk-toggleable__label {\n",
              "  /* unfitted */\n",
              "  background-color: var(--sklearn-color-unfitted-level-2);\n",
              "}\n",
              "\n",
              "#sk-container-id-2 div.sk-estimator.fitted input.sk-toggleable__control:checked~label.sk-toggleable__label {\n",
              "  /* fitted */\n",
              "  background-color: var(--sklearn-color-fitted-level-2);\n",
              "}\n",
              "\n",
              "#sk-container-id-2 div.sk-label label.sk-toggleable__label,\n",
              "#sk-container-id-2 div.sk-label label {\n",
              "  /* The background is the default theme color */\n",
              "  color: var(--sklearn-color-text-on-default-background);\n",
              "}\n",
              "\n",
              "/* On hover, darken the color of the background */\n",
              "#sk-container-id-2 div.sk-label:hover label.sk-toggleable__label {\n",
              "  color: var(--sklearn-color-text);\n",
              "  background-color: var(--sklearn-color-unfitted-level-2);\n",
              "}\n",
              "\n",
              "/* Label box, darken color on hover, fitted */\n",
              "#sk-container-id-2 div.sk-label.fitted:hover label.sk-toggleable__label.fitted {\n",
              "  color: var(--sklearn-color-text);\n",
              "  background-color: var(--sklearn-color-fitted-level-2);\n",
              "}\n",
              "\n",
              "/* Estimator label */\n",
              "\n",
              "#sk-container-id-2 div.sk-label label {\n",
              "  font-family: monospace;\n",
              "  font-weight: bold;\n",
              "  display: inline-block;\n",
              "  line-height: 1.2em;\n",
              "}\n",
              "\n",
              "#sk-container-id-2 div.sk-label-container {\n",
              "  text-align: center;\n",
              "}\n",
              "\n",
              "/* Estimator-specific */\n",
              "#sk-container-id-2 div.sk-estimator {\n",
              "  font-family: monospace;\n",
              "  border: 1px dotted var(--sklearn-color-border-box);\n",
              "  border-radius: 0.25em;\n",
              "  box-sizing: border-box;\n",
              "  margin-bottom: 0.5em;\n",
              "  /* unfitted */\n",
              "  background-color: var(--sklearn-color-unfitted-level-0);\n",
              "}\n",
              "\n",
              "#sk-container-id-2 div.sk-estimator.fitted {\n",
              "  /* fitted */\n",
              "  background-color: var(--sklearn-color-fitted-level-0);\n",
              "}\n",
              "\n",
              "/* on hover */\n",
              "#sk-container-id-2 div.sk-estimator:hover {\n",
              "  /* unfitted */\n",
              "  background-color: var(--sklearn-color-unfitted-level-2);\n",
              "}\n",
              "\n",
              "#sk-container-id-2 div.sk-estimator.fitted:hover {\n",
              "  /* fitted */\n",
              "  background-color: var(--sklearn-color-fitted-level-2);\n",
              "}\n",
              "\n",
              "/* Specification for estimator info (e.g. \"i\" and \"?\") */\n",
              "\n",
              "/* Common style for \"i\" and \"?\" */\n",
              "\n",
              ".sk-estimator-doc-link,\n",
              "a:link.sk-estimator-doc-link,\n",
              "a:visited.sk-estimator-doc-link {\n",
              "  float: right;\n",
              "  font-size: smaller;\n",
              "  line-height: 1em;\n",
              "  font-family: monospace;\n",
              "  background-color: var(--sklearn-color-background);\n",
              "  border-radius: 1em;\n",
              "  height: 1em;\n",
              "  width: 1em;\n",
              "  text-decoration: none !important;\n",
              "  margin-left: 1ex;\n",
              "  /* unfitted */\n",
              "  border: var(--sklearn-color-unfitted-level-1) 1pt solid;\n",
              "  color: var(--sklearn-color-unfitted-level-1);\n",
              "}\n",
              "\n",
              ".sk-estimator-doc-link.fitted,\n",
              "a:link.sk-estimator-doc-link.fitted,\n",
              "a:visited.sk-estimator-doc-link.fitted {\n",
              "  /* fitted */\n",
              "  border: var(--sklearn-color-fitted-level-1) 1pt solid;\n",
              "  color: var(--sklearn-color-fitted-level-1);\n",
              "}\n",
              "\n",
              "/* On hover */\n",
              "div.sk-estimator:hover .sk-estimator-doc-link:hover,\n",
              ".sk-estimator-doc-link:hover,\n",
              "div.sk-label-container:hover .sk-estimator-doc-link:hover,\n",
              ".sk-estimator-doc-link:hover {\n",
              "  /* unfitted */\n",
              "  background-color: var(--sklearn-color-unfitted-level-3);\n",
              "  color: var(--sklearn-color-background);\n",
              "  text-decoration: none;\n",
              "}\n",
              "\n",
              "div.sk-estimator.fitted:hover .sk-estimator-doc-link.fitted:hover,\n",
              ".sk-estimator-doc-link.fitted:hover,\n",
              "div.sk-label-container:hover .sk-estimator-doc-link.fitted:hover,\n",
              ".sk-estimator-doc-link.fitted:hover {\n",
              "  /* fitted */\n",
              "  background-color: var(--sklearn-color-fitted-level-3);\n",
              "  color: var(--sklearn-color-background);\n",
              "  text-decoration: none;\n",
              "}\n",
              "\n",
              "/* Span, style for the box shown on hovering the info icon */\n",
              ".sk-estimator-doc-link span {\n",
              "  display: none;\n",
              "  z-index: 9999;\n",
              "  position: relative;\n",
              "  font-weight: normal;\n",
              "  right: .2ex;\n",
              "  padding: .5ex;\n",
              "  margin: .5ex;\n",
              "  width: min-content;\n",
              "  min-width: 20ex;\n",
              "  max-width: 50ex;\n",
              "  color: var(--sklearn-color-text);\n",
              "  box-shadow: 2pt 2pt 4pt #999;\n",
              "  /* unfitted */\n",
              "  background: var(--sklearn-color-unfitted-level-0);\n",
              "  border: .5pt solid var(--sklearn-color-unfitted-level-3);\n",
              "}\n",
              "\n",
              ".sk-estimator-doc-link.fitted span {\n",
              "  /* fitted */\n",
              "  background: var(--sklearn-color-fitted-level-0);\n",
              "  border: var(--sklearn-color-fitted-level-3);\n",
              "}\n",
              "\n",
              ".sk-estimator-doc-link:hover span {\n",
              "  display: block;\n",
              "}\n",
              "\n",
              "/* \"?\"-specific style due to the `<a>` HTML tag */\n",
              "\n",
              "#sk-container-id-2 a.estimator_doc_link {\n",
              "  float: right;\n",
              "  font-size: 1rem;\n",
              "  line-height: 1em;\n",
              "  font-family: monospace;\n",
              "  background-color: var(--sklearn-color-background);\n",
              "  border-radius: 1rem;\n",
              "  height: 1rem;\n",
              "  width: 1rem;\n",
              "  text-decoration: none;\n",
              "  /* unfitted */\n",
              "  color: var(--sklearn-color-unfitted-level-1);\n",
              "  border: var(--sklearn-color-unfitted-level-1) 1pt solid;\n",
              "}\n",
              "\n",
              "#sk-container-id-2 a.estimator_doc_link.fitted {\n",
              "  /* fitted */\n",
              "  border: var(--sklearn-color-fitted-level-1) 1pt solid;\n",
              "  color: var(--sklearn-color-fitted-level-1);\n",
              "}\n",
              "\n",
              "/* On hover */\n",
              "#sk-container-id-2 a.estimator_doc_link:hover {\n",
              "  /* unfitted */\n",
              "  background-color: var(--sklearn-color-unfitted-level-3);\n",
              "  color: var(--sklearn-color-background);\n",
              "  text-decoration: none;\n",
              "}\n",
              "\n",
              "#sk-container-id-2 a.estimator_doc_link.fitted:hover {\n",
              "  /* fitted */\n",
              "  background-color: var(--sklearn-color-fitted-level-3);\n",
              "}\n",
              "</style><div id=\"sk-container-id-2\" class=\"sk-top-container\"><div class=\"sk-text-repr-fallback\"><pre>LogisticRegression(multi_class=&#x27;ovr&#x27;)</pre><b>In a Jupyter environment, please rerun this cell to show the HTML representation or trust the notebook. <br />On GitHub, the HTML representation is unable to render, please try loading this page with nbviewer.org.</b></div><div class=\"sk-container\" hidden><div class=\"sk-item\"><div class=\"sk-estimator fitted sk-toggleable\"><input class=\"sk-toggleable__control sk-hidden--visually\" id=\"sk-estimator-id-2\" type=\"checkbox\" checked><label for=\"sk-estimator-id-2\" class=\"sk-toggleable__label fitted sk-toggleable__label-arrow fitted\">&nbsp;&nbsp;LogisticRegression<a class=\"sk-estimator-doc-link fitted\" rel=\"noreferrer\" target=\"_blank\" href=\"https://scikit-learn.org/1.5/modules/generated/sklearn.linear_model.LogisticRegression.html\">?<span>Documentation for LogisticRegression</span></a><span class=\"sk-estimator-doc-link fitted\">i<span>Fitted</span></span></label><div class=\"sk-toggleable__content fitted\"><pre>LogisticRegression(multi_class=&#x27;ovr&#x27;)</pre></div> </div></div></div></div>"
            ]
          },
          "metadata": {},
          "execution_count": 16
        }
      ]
    },
    {
      "cell_type": "code",
      "source": [
        "y_pred = model.predict(X_test)"
      ],
      "metadata": {
        "id": "kr44APwswGwH"
      },
      "execution_count": 17,
      "outputs": []
    },
    {
      "cell_type": "code",
      "source": [
        "model.predict_proba(X_test)"
      ],
      "metadata": {
        "colab": {
          "base_uri": "https://localhost:8080/"
        },
        "id": "SPWfVO1Gwdbf",
        "outputId": "8b57eee7-2278-44f9-c09d-f9c4722c732e"
      },
      "execution_count": 19,
      "outputs": [
        {
          "output_type": "execute_result",
          "data": {
            "text/plain": [
              "array([[0.19587782, 0.10786696, 0.69625522],\n",
              "       [0.51452079, 0.28256045, 0.20291876],\n",
              "       [0.36754875, 0.37175899, 0.26069226],\n",
              "       [0.50654876, 0.30163222, 0.19181901],\n",
              "       [0.24233254, 0.05228377, 0.70538369],\n",
              "       [0.20735242, 0.11875385, 0.67389373],\n",
              "       [0.09835524, 0.57472594, 0.32691882],\n",
              "       [0.50515942, 0.06213201, 0.43270857],\n",
              "       [0.18554512, 0.63250868, 0.1819462 ],\n",
              "       [0.06543137, 0.04031294, 0.8942557 ],\n",
              "       [0.56565643, 0.30356713, 0.13077644],\n",
              "       [0.19434945, 0.67175092, 0.13389963],\n",
              "       [0.2390743 , 0.48862109, 0.27230461],\n",
              "       [0.41481969, 0.33163336, 0.25354695],\n",
              "       [0.62400481, 0.2797301 , 0.09626509],\n",
              "       [0.30593844, 0.52105345, 0.17300811],\n",
              "       [0.16939604, 0.33159187, 0.49901209],\n",
              "       [0.76261665, 0.14010299, 0.09728035],\n",
              "       [0.24170335, 0.5099394 , 0.24835725],\n",
              "       [0.56047509, 0.2724432 , 0.16708172],\n",
              "       [0.35639668, 0.50350066, 0.14010266],\n",
              "       [0.35512897, 0.47986948, 0.16500155],\n",
              "       [0.20059699, 0.36815305, 0.43124996],\n",
              "       [0.22702474, 0.60050111, 0.17247415],\n",
              "       [0.54267634, 0.21159886, 0.2457248 ],\n",
              "       [0.33174874, 0.49505271, 0.17319854],\n",
              "       [0.28875993, 0.07527343, 0.63596664],\n",
              "       [0.25917582, 0.3413086 , 0.39951559],\n",
              "       [0.18535917, 0.2349838 , 0.57965704],\n",
              "       [0.40056625, 0.21812838, 0.38130537],\n",
              "       [0.03766989, 0.3278489 , 0.6344812 ],\n",
              "       [0.11104482, 0.07510371, 0.81385147],\n",
              "       [0.21946622, 0.3647308 , 0.41580299],\n",
              "       [0.52385228, 0.04123148, 0.43491624],\n",
              "       [0.41193032, 0.21869652, 0.36937316],\n",
              "       [0.19362317, 0.0315798 , 0.77479703],\n",
              "       [0.6136185 , 0.3303988 , 0.0559827 ],\n",
              "       [0.12781659, 0.65509101, 0.2170924 ],\n",
              "       [0.10164081, 0.32028827, 0.57807092],\n",
              "       [0.2511688 , 0.33450033, 0.41433088],\n",
              "       [0.28780542, 0.49275536, 0.21943922],\n",
              "       [0.25695586, 0.17075635, 0.57228779],\n",
              "       [0.24415492, 0.60853623, 0.14730885],\n",
              "       [0.41963827, 0.12975676, 0.45060497],\n",
              "       [0.16185476, 0.77998751, 0.05815772],\n",
              "       [0.10780207, 0.08412268, 0.80807525],\n",
              "       [0.55044566, 0.31005022, 0.13950411],\n",
              "       [0.19529832, 0.72661777, 0.07808391],\n",
              "       [0.41555475, 0.35307906, 0.23136619],\n",
              "       [0.16131757, 0.3836499 , 0.45503253],\n",
              "       [0.21322115, 0.67079611, 0.11598275],\n",
              "       [0.37962901, 0.49627762, 0.12409337],\n",
              "       [0.11334997, 0.09161089, 0.79503914],\n",
              "       [0.29152308, 0.53079463, 0.17768229],\n",
              "       [0.38401613, 0.17652962, 0.43945425],\n",
              "       [0.39568231, 0.45409124, 0.15022645],\n",
              "       [0.37260126, 0.3202136 , 0.30718515],\n",
              "       [0.67690776, 0.17739282, 0.14569942],\n",
              "       [0.42712877, 0.24234795, 0.33052327],\n",
              "       [0.3464522 , 0.27194691, 0.38160089],\n",
              "       [0.15669246, 0.7175059 , 0.12580163],\n",
              "       [0.12685985, 0.23060147, 0.64253869],\n",
              "       [0.40661429, 0.35671409, 0.23667163],\n",
              "       [0.04783984, 0.63092909, 0.32123107],\n",
              "       [0.02710844, 0.43187936, 0.5410122 ],\n",
              "       [0.41505436, 0.42998451, 0.15496113],\n",
              "       [0.36934806, 0.53248352, 0.09816842],\n",
              "       [0.30127328, 0.36935851, 0.32936821],\n",
              "       [0.41797685, 0.08319271, 0.49883044],\n",
              "       [0.22144792, 0.25562069, 0.52293139],\n",
              "       [0.20974995, 0.3760957 , 0.41415436],\n",
              "       [0.16924033, 0.04159138, 0.78916829],\n",
              "       [0.15395175, 0.13646303, 0.70958521],\n",
              "       [0.14016444, 0.53912486, 0.3207107 ],\n",
              "       [0.21104804, 0.36443254, 0.42451942],\n",
              "       [0.16884801, 0.03562   , 0.79553199],\n",
              "       [0.38332899, 0.46635616, 0.15031484],\n",
              "       [0.35709731, 0.06958632, 0.57331638],\n",
              "       [0.13388876, 0.76476665, 0.10134459],\n",
              "       [0.28230595, 0.34706526, 0.37062879],\n",
              "       [0.32826265, 0.1550578 , 0.51667955],\n",
              "       [0.25134085, 0.29727166, 0.45138749],\n",
              "       [0.67251456, 0.19770346, 0.12978198],\n",
              "       [0.14718111, 0.03523162, 0.81758728],\n",
              "       [0.2154001 , 0.4335466 , 0.3510533 ],\n",
              "       [0.5054149 , 0.00704592, 0.48753919],\n",
              "       [0.32132462, 0.23544163, 0.44323375],\n",
              "       [0.2206283 , 0.73563381, 0.04373789],\n",
              "       [0.20550807, 0.53598798, 0.25850395],\n",
              "       [0.24145517, 0.63730357, 0.12124126],\n",
              "       [0.11827321, 0.49193346, 0.38979333],\n",
              "       [0.32489972, 0.00382732, 0.67127295],\n",
              "       [0.40913247, 0.3085653 , 0.28230223],\n",
              "       [0.14575197, 0.72762346, 0.12662457],\n",
              "       [0.12010251, 0.27578966, 0.60410783],\n",
              "       [0.13008441, 0.27234458, 0.59757101],\n",
              "       [0.4924751 , 0.46447358, 0.04305133],\n",
              "       [0.19871392, 0.57041462, 0.23087146],\n",
              "       [0.41855356, 0.48698916, 0.09445728],\n",
              "       [0.50848381, 0.38924338, 0.10227281],\n",
              "       [0.41703276, 0.24627519, 0.33669206],\n",
              "       [0.39396159, 0.36008591, 0.2459525 ],\n",
              "       [0.54122247, 0.22486753, 0.23391   ],\n",
              "       [0.27142663, 0.66691413, 0.06165924],\n",
              "       [0.36557023, 0.52041971, 0.11401007],\n",
              "       [0.45421858, 0.45545531, 0.09032611],\n",
              "       [0.40509843, 0.14454799, 0.45035358],\n",
              "       [0.52946382, 0.41865017, 0.05188601],\n",
              "       [0.41872248, 0.41374457, 0.16753295],\n",
              "       [0.21596238, 0.08094342, 0.7030942 ],\n",
              "       [0.39496494, 0.21625845, 0.38877661],\n",
              "       [0.21471885, 0.56353131, 0.22174984],\n",
              "       [0.1884171 , 0.5813896 , 0.2301933 ],\n",
              "       [0.66661308, 0.15787662, 0.1755103 ],\n",
              "       [0.34538716, 0.44848784, 0.206125  ],\n",
              "       [0.54925696, 0.19157486, 0.25916818],\n",
              "       [0.31435897, 0.62660536, 0.05903567],\n",
              "       [0.15724878, 0.04427753, 0.79847369],\n",
              "       [0.22676157, 0.37768543, 0.395553  ],\n",
              "       [0.24951182, 0.08864313, 0.66184505],\n",
              "       [0.23210933, 0.53893145, 0.22895922],\n",
              "       [0.21600732, 0.43447196, 0.34952072],\n",
              "       [0.28066569, 0.60298966, 0.11634465],\n",
              "       [0.18195971, 0.33920679, 0.47883349],\n",
              "       [0.20915978, 0.16411151, 0.62672871],\n",
              "       [0.25593712, 0.35636581, 0.38769706],\n",
              "       [0.39807575, 0.26643749, 0.33548676],\n",
              "       [0.34596149, 0.29891372, 0.35512479],\n",
              "       [0.15321286, 0.16478128, 0.68200586],\n",
              "       [0.33418448, 0.07810997, 0.58770554],\n",
              "       [0.09987616, 0.26824935, 0.63187449],\n",
              "       [0.47153227, 0.50430504, 0.02416269],\n",
              "       [0.14952761, 0.59628257, 0.25418983],\n",
              "       [0.02494815, 0.04546902, 0.92958283],\n",
              "       [0.42276484, 0.12143159, 0.45580358],\n",
              "       [0.45691494, 0.06876207, 0.474323  ],\n",
              "       [0.33213648, 0.4946728 , 0.17319071],\n",
              "       [0.23276031, 0.13315535, 0.63408434],\n",
              "       [0.12600143, 0.47107739, 0.40292118],\n",
              "       [0.27212045, 0.18851577, 0.53936378],\n",
              "       [0.11985244, 0.07191742, 0.80823014],\n",
              "       [0.18550398, 0.33438539, 0.48011063],\n",
              "       [0.13742272, 0.3166769 , 0.54590037],\n",
              "       [0.45498284, 0.40009665, 0.14492051],\n",
              "       [0.24956807, 0.23175241, 0.51867952],\n",
              "       [0.17859393, 0.09668309, 0.72472298],\n",
              "       [0.31845702, 0.11841264, 0.56313034],\n",
              "       [0.33195573, 0.21379465, 0.45424963],\n",
              "       [0.20212183, 0.31170935, 0.48616882],\n",
              "       [0.09093035, 0.52812005, 0.3809496 ],\n",
              "       [0.1529929 , 0.77832509, 0.06868201],\n",
              "       [0.56656374, 0.16988587, 0.26355038],\n",
              "       [0.6223135 , 0.3609355 , 0.016751  ],\n",
              "       [0.36845149, 0.49295758, 0.13859092],\n",
              "       [0.21629531, 0.71140884, 0.07229585],\n",
              "       [0.29851313, 0.37247313, 0.32901374],\n",
              "       [0.24776913, 0.21135771, 0.54087315],\n",
              "       [0.36485374, 0.21718428, 0.41796198],\n",
              "       [0.42061167, 0.0136948 , 0.56569352],\n",
              "       [0.289992  , 0.06336252, 0.64664548],\n",
              "       [0.56970053, 0.33643281, 0.09386666],\n",
              "       [0.59287955, 0.3812239 , 0.02589655],\n",
              "       [0.17008185, 0.61890392, 0.21101423],\n",
              "       [0.21784774, 0.41220683, 0.36994544],\n",
              "       [0.15809134, 0.51313099, 0.32877766],\n",
              "       [0.45792908, 0.47209183, 0.06997909],\n",
              "       [0.2035868 , 0.55381396, 0.24259925],\n",
              "       [0.42208572, 0.33288558, 0.2450287 ],\n",
              "       [0.62061376, 0.28667124, 0.09271499],\n",
              "       [0.19571325, 0.14208853, 0.66219823],\n",
